21728 
65340 
58223 
49609 
29873 
11505 
57303 
60467 
5784 
46190 
10656 
24930 
44500 
31457 
2841 
11119 
29403 
50750 
27858 
51698 
47217 
6247 
28869 
40623 
12464 
44811 
13107 
40555 
56169 
27421 
44347 
24474 
7037 
33025 
29982 
52416 
55247 
19988 
31898 
17039 
52673 
53098 
7427 
33869 
64138 
57992 
18344 
19904 
20519 
25831 
37013 
64123 
35283 
4919 
19488 
5462 
10830 
5491 
12420 
20303 
15281 
61013 
14648 
52285 
45133 
38519 
57125 
64261 
61632 
49810 
63321 
16531 
57205 
64356 
54157 
50781 
55364 
28736 
64806 
65257 
34421 
22663 
23796 
51777 
58072 
59883 
26172 
60939 
54839 
57447 
11107 
19183 
29091 
21563 
41294 
35552 
54717 
39403 
11052 
26155 
33084 
44859 
20571 
25345 
46049 
545 
14809 
39804 
60470 
40084 
8358 
61803 
2037 
5954 
20793 
14738 
53483 
24162 
17607 
38337 
37114 
28123 
44960 
11966 
1713 
5250 
38060 
3973 
18456 
38685 
7568 
50384 
9778 
12120 
43655 
39498 
57327 
23216 
35431 
49277 
2870 
37038 
11858 
37919 
50435 
15293 
9231 
36904 
20439 
15201 
6165 
52526 
27838 
56766 
47185 
56383 
18534 
51889 
9349 
45707 
13157 
29027 
27552 
30102 
31320 
15657 
41060 
41589 
28521 
30150 
13234 
59319 
31765 
16241 
29442 
28821 
57110 
31699 
49750 
23289 
24060 
19474 
19864 
2362 
53995 
19390 
1948 
16429 
41337 
63289 
59204 
43781 
7477 
62914 
42531 
33335 
64487 
8571 
55378 
6806 
38629 
37069 
16955 
38012 
25166 
5192 
36519 
17277 
2761 
40058 
5527 
6869 
53565 
9478 
25374 
20361 
5996 
25941 
34278 
56016 
41409 
38784 
49314 
9056 
23610 
59192 
17124 
36242 
58632 
56263 
25379 
46597 
58344 
61479 
60424 
52644 
37801 
8586 
280 
186 
52536 
31780 
15015 
64868 
26744 
35341 
19080 
20889 
38727 
5313 
11144 
60921 
2263 
37790 
1205 
62617 
5179 
38798 
19396 
27428 
56512 
63809 
63825 
48905 
12679 
44862 
60582 
26529 
28340 
27253 
806 
6752 
35621 
5695 
6664 
43563 
25638 
44780 
50424 
55747 
30252 
3061 
16414 
57129 
24927 
40354 
34089 
64676 
58729 
29807 
64925 
24860 
8263 
30985 
38257 
46376 
311 
32047 
11528 
52111 
18166 
63740 
58256 
7172 
17006 
64775 
2870 
7888 
18306 
48077 
49394 
23031 
45252 
56053 
17982 
61730 
49440 
34042 
39803 
34583 
37387 
5053 
4268 
52292 
60614 
3535 
6027 
45016 
5427 
28505 
44644 
10595 
24779 
57067 
4308 
50581 
1020 
64807 
8748 
19240 
22449 
31169 
26608 
8310 
26544 
50205 
57100 
46819 
28280 
63338 
36948 
10096 
35920 
7642 
1703 
39751 
11037 
64911 
16490 
38168 
13549 
11808 
43489 
48675 
61065 
22961 
21494 
26121 
20720 
42336 
60120 
35635 
35926 
29969 
19368 
63898 
52453 
4165 
57236 
53995 
49100 
41116 
13350 
57639 
25130 
18823 
2244 
6074 
64140 
22598 
61075 
1299 
48640 
37709 
2524 
22112 
37244 
24999 
24906 
25773 
38568 
57447 
30674 
60748 
51933 
24516 
617 
62050 
50688 
25665 
14092 
39624 
18706 
7627 
5397 
22223 
18727 
19444 
60814 
25356 
3068 
8772 
52176 
7435 
21191 
1004 
23013 
33169 
12643 
55078 
19521 
32040 
17629 
34268 
24873 
62942 
43736 
34039 
38592 
38885 
55194 
58352 
45076 
36845 
31856 
23385 
37003 
8202 
55208 
17006 
20056 
43821 
12074 
4240 
62040 
39460 
54565 
38859 
42481 
28297 
10039 
21611 
56873 
23950 
12084 
50864 
16913 
41333 
47971 
22834 
44708 
10976 
62071 
54013 
20594 
39541 
41227 
6925 
5261 
35533 
14172 
39220 
8712 
1384 
33653 
29470 
9338 
10019 
32393 
33101 
65365 
60511 
10144 
53083 
9145 
1236 
30021 
58542 
46545 
18768 
12443 
9778 
10505 
40142 
47845 
32581 
56381 
64921 
52220 
4394 
21709 
43712 
16952 
34886 
9095 
58016 
26721 
48881 
62545 
42836 
14568 
56665 
1807 
17543 
30963 
16410 
11672 
691 
31015 
22942 
9517 
58239 
24732 
13266 
52560 
44341 
41658 
37360 
43090 
8668 
24381 
7531 
5283 
25249 
61739 
59566 
16021 
55809 
24906 
23954 
4499 
32544 
46520 
54352 
41070 
23923 
18567 
49353 
3980 
57525 
9744 
29196 
16528 
28856 
8198 
13096 
58839 
10171 
60744 
51657 
46624 
47925 
11019 
36941 
20837 
24837 
1268 
54345 
8105 
32570 
60354 
13160 
1157 
19264 
5105 
53722 
59550 
51480 
47240 
5399 
6159 
23233 
27550 
46093 
9744 
32480 
27732 
44698 
39245 
2697 
16713 
45454 
8607 
62391 
37655 
25030 
53657 
15267 
3329 
23712 
47844 
56651 
31295 
24056 
4478 
54673 
63188 
54135 
62414 
27773 
6832 
29845 
6553 
25157 
29322 
205 
51067 
37969 
57453 
17583 
51558 
842 
61178 
10572 
58112 
44417 
3058 
65458 
24580 
54188 
35589 
56130 
47459 
10152 
31606 
3892 
19812 
48366 
5060 
37009 
37957 
47228 
6876 
58086 
53137 
63569 
21228 
11813 
15336 
41792 
56691 
61534 
42009 
2891 
26651 
29974 
57684 
41469 
56900 
24044 
42887 
5088 
33556 
62663 
21135 
65531 
24696 
57299 
52005 
39622 
57880 
45865 
54897 
37997 
49366 
7140 
42322 
15879 
46795 
60499 
60391 
13013 
50065 
41763 
3841 
58150 
35797 
55532 
58242 
56232 
5099 
23013 
36283 
39111 
41250 
39747 
34183 
14985 
5583 
31323 
48450 
18488 
48049 
1949 
32310 
26404 
3515 
9597 
37884 
44350 
33441 
49634 
25518 
12434 
53900 
34355 
30322 
22935 
9733 
42085 
10339 
1653 
32894 
34607 
54576 
55018 
38205 
9309 
3865 
4113 
23066 
41874 
62899 
31685 
20933 
54573 
62322 
58191 
3171 
43427 
62146 
43893 
18025 
54655 
19417 
5644 
60855 
53756 
25284 
17432 
42359 
20473 
52522 
29198 
27561 
34948 
32080 
33532 
47907 
22770 
20817 
33152 
14601 
844 
14731 
31570 
6897 
56260 
24251 
1922 
42676 
33295 
36519 
52441 
728 
13429 
23422 
64871 
36584 
31565 
58018 
31609 
47387 
64623 
6658 
25948 
54309 
44805 
57211 
11235 
36940 
36516 
58714 
40966 
15988 
1086 
12971 
10507 
40975 
63809 
62388 
55575 
50856 
41183 
36228 
22120 
50035 
11936 
18619 
62316 
25861 
36613 
61121 
12959 
15032 
10466 
14775 
36953 
4824 
36182 
34585 
35843 
10135 
4608 
43083 
43626 
14948 
52591 
8889 
49867 
32073 
52283 
27496 
18621 
60309 
60294 
57619 
53351 
59891 
9107 
32978 
3040 
25768 
23203 
16627 
38177 
7076 
54984 
13279 
57983 
51954 
39670 
24646 
13299 
8727 
29787 
5514 
40328 
17198 
21920 
62405 
23597 
27466 
6271 
55637 
3288 
54161 
46151 
58010 
12397 
49119 
26548 
64270 
57939 
43184 
50469 
44491 
11138 
62756 
15274 
1465 
20052 
11619 
39286 
62621 
24531 
22797 
6316 
13007 
40441 
21458 
525 
18270 
44681 
57275 
19575 
26750 
7745 
5415 
44235 
7820 
16217 
22097 
57290 
15052 
51365 
3884 
13466 
12220 
7880 
40640 
33867 
47820 
60488 
36581 
37623 
62407 
43640 
57502 
13227 
37722 
54408 
16986 
52888 
39712 
45067 
5409 
40783 
57777 
51768 
14401 
41651 
53793 
433 
49445 
33763 
30339 
28312 
26523 
44155 
23570 
35242 
16980 
0 
0 
0 
16980 
0 
0 
0 
45056 
16387 
0 
0 
0 
0 
65040 
8194 
2721 
0 
65048 
8194 
2721 
32777 
65056 
8194 
65056 
8194 
65064 
8194 
16980 
0 
0 
0 
45056 
16387 
0 
0 
0 
0 
65088 
8194 
2721 
0 
65096 
8194 
1827 
28730 
65104 
8194 
65104 
8194 
65524 
11 
1200 
28730 
65120 
8194 
3221 
0 
0 
49152 
2 
0 
65136 
8194 
1827 
0 
65248 
8194 
65513 
65535 
65535 
0 
1200 
0 
2134 
0 
10 
0 
0 
49152 
1407 
0 
1296 
0 
0 
8448 
0 
0 
45056 
16387 
0 
0 
0 
0 
65380 
8194 
11493 
0 
65208 
8194 
1827 
0 
65496 
8194 
65524 
11 
65530 
65535 
0 
0 
0 
0 
0 
0 
8 
0 
0 
0 
8 
0 
0 
0 
0 
0 
0 
0 
4 
5 
6 
7 
0 
0 
18049 
0 
65535 
65535 
65535 
65535 
16 
17 
18 
19 
13109 
13621 
21814 
21845 
21845 
21845 
21845 
21845 
21845 
21845 
21845 
21845 
21845 
21845 
21845 
21845 
36 
37 
9 
0 
0 
0 
17004 
0 
65492 
8194 
0 
0 
0 
0 
0 
0 
0 
0 
12783 
0 
17004 
0 
65492 
8194 
16091 
0 
0 
8448 
64 
65 
3588 
8192 
0 
0 
65535 
32767 
10 
0 
0 
0 
0 
0 
0 
0 
0 
0 
0 
0 
0 
0 
0 
0 
0 
0 
0 
0 
0 
0 
0 
0 
65472 
8194 
8 
0 
0 
0 
0 
0 
65504 
8194 
12875 
0 
9 
0 
17004 
0 
3588 
8192 
2688 
8192 
16687 
0 
2 
0 
0 
0 
15019 
0 
468 
0 
