0  
29088  
29171  
28870  
28492  
28262  
28298  
28302  
28244  
28177  
28430  
28620  
28707  
28236  
27333  
26395  
27532  
30945  
36587  
42787  
49854  
58629  
63666  
60051  
48576  
38006  
33178  
31682  
30921  
30157  
29267  
28834  
28386  
27824  
27650  
27892  
28069  
28083  
27964  
27924  
27837  
27538  
27412  
27536  
27941  
28286  
28362  
28308  
28366  
28715  
29214  
29418  
29438  
29358  
29434  
29736  
29989  
30173  
30093  
30109  
30452  
30705  
30817  
30901  
30803  
30650  
30566  
30621  
30777  
30969  
30937  
30957  
31245  
31795  
32230  
32548  
32891  
33086  
33386  
33754  
33850  
33822  
33599  
33282  
32724  
31995  
31163  
30428  
30122  
29944  
29886  
29989  
30169  
30505  
30865  
30929  
30697  
30729  
30841  
31045  
31106  
31110  
31195  
31485  
31673  
31996  
32234  
32318  
32292  
32008  
31695  
31541  
31463  
31649  
31745  
31697  
31521  
31345  
31389  
31413  
31525  
31617  
31645  
31433  
31025  
30748  
30603  
30718  
30943  
31005  
31125  
31373  
31691  
31665  
31305  
31205  
31405  
31725  
31773  
31677  
31482  
31447  
31642  
31841  
31995  
31953  
31709  
31521  
31529  
31725  
31907  
32061  
32190  
32011  
31665  
31573  
31529  
31605  
31807  
31861  
31723  
31581  
31514  
31305  
31133  
31002  
30769  
30445  
30624  
31605  
32588  
33278  
33802  
33852  
33994  
34009  
33084  
31465  
30137  
29374  
28858  
28364  
28096  
28192  
28323  
28394  
28246  
28029  
28110  
28310  
28567  
28758  
28852  
29078  
29566  
29714  
29716  
29296  
28202  
26653  
26162  
28251  
32922  
39574  
47188  
56038  
63820  
63914  
62310  
51343  
40118  
34221  
31899  
30949  
30013  
28862  
27840  
27510  
27640  
27556  
27421  
27488  
27568  
27656  
27909  
28162  
28434  
28888  
29224  
29494  
29594  
29822  
30107  
30283  
30477  
30713  
31187  
31657  
31945  
32298  
32598  
33158  
33774  
34157  
34149  
34135  
34377  
34655  
34797  
34829  
34765  
34809  
34979  
35229  
35644  
36079  
36507  
37141  
37983  
38728  
39615  
40456  
40885  
41236  
41676  
42147  
42427  
42469  
42061  
41424  
40912  
40501  
40062  
39466  
38720  
37983  
37635  
37691  
37835  
37919  
38080  
38250  
38014  
37581  
37383  
37105  
37051  
37027  
36947  
36769  
36939  
37205  
37331  
37291  
37331  
37520  
37635  
37571  
37489  
37521  
37567  
37433  
37008  
36707  
36711  
36855  
37127  
37008  
36967  
37249  
37425  
37352  
37283  
37425  
37779  
37953  
37863  
37585  
37423  
37367  
37377  
37351  
37271  
37189  
37227  
37267  
37179  
37095  
37031  
37043  
36715  
36227  
35829  
35769  
35961  
35999  
35797  
35443  
35178  
35106  
34765  
34217  
33662  
33358  
33310  
33150  
32982  
32891  
32934  
32874  
32642  
32508  
32782  
33330  
33722  
33794  
33662  
33660  
33706  
33614  
33362  
32988  
32970  
33550  
34449  
35317  
36327  
37243  
37771  
37719  
37147  
36255  
35285  
34485  
33762  
33272  
33110  
33066  
32666  
31995  
31531  
31429  
31589  
31545  
31291  
31177  
31173  
31037  
30939  
30701  
30433  
30323  
29611  
27914  
25899  
25863  
28494  
33862  
41207  
50199  
59873  
63973  
63794  
58661  
46232  
36944  
32478  
30359  
28662  
27324  
26588  
26364  
26312  
26256  
26210  
26440  
26574  
26778  
27172  
27617  
28056  
28290  
28178  
28016  
28050  
28250  
28446  
28378  
28180  
28110  
28218  
28433  
28650  
28898  
29158  
29394  
29414  
29276  
29326  
29718  
30097  
30053  
29810  
29610  
29658  
29822  
29902  
29886  
30201  
30689  
31261  
31710  
32188  
32622  
32870  
33022  
33358  
33970  
34497  
35019  
35189  
34901  
34739  
34634  
34569  
34193  
33820  
33601  
33434  
33119  
32534  
32016  
31849  
31769  
31637  
31243  
30757  
30506  
30345  
29950  
29370  
28934  
28738  
28604  
28454  
28178  
28015  
27979  
27828  
27548  
27404  
27542  
27812  
27940  
27900  
27948  
28130  
28370  
28546  
28442  
28624  
29115  
29387  
29238  
28876  
28766  
29050  
29230  
29090  
28779  
28695  
28811  
28854  
28710  
28562  
28602  
28766  
28858  
28798  
28874  
29350  
29906  
30081  
30127  
29938  
29930  
29995  
29978  
29928  
30235  
30521  
30521  
30237  
29993  
30021  
30225  
30467  
30586  
30629  
30765  
30843  
30899  
30841  
30757  
30957  
31313  
31425  
31305  
31185  
31261  
31465  
31471  
31425  
31275  
31205  
31257  
31209  
31117  
31241  
31733  
32102  
32346  
32549  
32754  
33000  
33074  
32690  
32386  
32582  
33242  
33738  
34221  
34717  
35341  
35787  
35413  
34325  
33190  
32382  
31777  
31265  
30945  
31018  
31179  
31237  
31181  
30941  
30965  
31227  
31353  
31313  
31537  
31921  
32339  
32494  
32418  
32258  
31897  
31099  
29514  
28658  
30585  
35341  
42703  
51355  
60523  
64048  
64056  
63570  
55236  
43823  
37035  
34123  
32763  
31517  
30765  
30401  
30025  
29586  
29178  
28926  
29018  
29388  
29600  
29566  
29675  
29786  
29858  
29836  
29978  
30321  
30633  
30789  
30889  
31093  
31549  
32042  
32146  
32076  
32326  
32763  
33068  
33094  
33114  
33196  
33340  
33531  
33498  
33478  
33646  
33958  
34027  
34097  
34097  
34401  
34689  
34949  
35145  
35277  
35513  
35984  
36411  
36755  
37393  
38318  
39110  
39550  
39650  
39648  
39750  
39666  
39402  
38914  
38458  
38070  
37809  
37423  
37075  
37207  
37585  
37994  
38094  
37859  
37779  
37935  
38089  
38194  
38318  
38394  
38450  
38214  
37975  
37998  
38326  
38590  
38654  
38670  
38630  
38798  
38946  
38882  
38630  
38751  
39046  
39130  
38940  
38630  
38570  
38846  
39102  
39074  
39066  
39150  
39329  
39167  
38698  
38286  
38111  
37871  
37477  
37013  
36805  
36783  
36767  
36627  
36451  
36345  
36323  
36047  
35675  
35149  
34901  
34811  
34641  
34492  
34337  
34350  
34529  
34442  
34077  
33906  
33738  
33662  
33298  
32892  
32530  
32427  
32336  
32108  
31693  
31457  
31445  
31514  
31409  
31201  
31139  
31169  
31029  
30936  
30857  
30801  
30881  
30875  
30693  
30833  
31002  
31045  
30949  
30833  
30841  
30767  
30561  
29978  
29224  
28658  
28372  
28008  
27656  
27360  
27238  
27268  
27116  
26927  
27013  
27240  
27320  
27292  
27056  
26734  
26629  
26968  
27516  
28044  
28638  
29186  
29506  
29506  
29162  
28406  
27641  
26920  
26092  
25486  
25312  
25503  
25693  
25725  
25659  
25623  
25567  
25408  
25161  
25179  
25430  
25629  
25621  
25463  
25561  
25673  
25014  
23520  
21698  
21841  
24655  
29999  
37291  
46106  
55786  
63466  
62094  
51447  
39342  
32283  
29264  
27580  
26340  
25200  
24621  
24201  
23771  
23431  
23354  
23543  
23711  
23791  
23939  
24255  
24699  
24820  
24837  
25014  
25285  
25549  
25629  
25601  
25517  
25637  
26060  
26245  
26142  
26119  
26136  
26344  
26520  
26636  
26766  
26998  
27013  
26772  
26540  
26758  
27141  
27364  
27420  
27572  
27856  
28252  
28643  
28778  
29019  
29394  
29780  
30101  
30395  
30821  
31389  
31874  
31845  
31837  
31941  
31995  
31947  
31781  
31349  
31057  
31125  
31209  
30874  
30477  
30209  
30137  
30106  
29978  
29894  
29978  
30005  
29810  
29466  
29330  
29598  
29835  
29840  
29670  
29515  
29614  
29682  
29706  
29770  
30073  
30345  
30661  
30717  
30761  
30901  
31136  
31214  
31185  
31197  
31437  
31661  
31756  
31995  
32174  
32507  
32750  
32564  
32403  
32574  
32940  
33226  
33312  
33218  
33242  
33419  
33478  
33438  
33570  
33730  
33810  
33666  
33446  
33390  
33574  
33794  
33846  
33974  
34253  
34636  
34797  
34787  
34683  
34893  
35095  
35027  
34581  
34250  
34429  
34869  
34877  
34761  
34789  
34989  
35031  
34709  
34341  
34237  
34397  
34506  
34451  
34393  
34381  
34337  
34301  
34083  
33838  
33906  
34021  
33891  
33563  
33374  
33603  
34219  
34621  
34813  
34917  
35113  
35019  
34635  
34329  
34369  
34821  
35609  
36176  
36243  
36001  
35625  
35018  
34545  
34133  
33834  
33643  
33546  
33382  
33030  
32902  
32940  
32918  
32742  
32650  
32774  
32973  
32995  
32774  
32866  
33036  
33123  
32782  
31949  
30843  
29716  
30325  
32932  
37743  
44531  
52737  
61853  
63900  
63506  
56322  
45461  
38722  
35699  
34109  
32766  
31379  
30401  
29810  
29670  
29686  
29602  
29302  
28990  
28810  
28684  
28586  
28478  
28658  
29054  
29472  
29718  
29787  
29938  
30189  
30553  
30705  
30651  
30577  
30721  
30930  
30911  
30818  
30915  
31202  
31185  
30757  
30249  
30072  
30179  
30343  
30493  
30682  
30917  
31209  
31391  
31619  
32059  
32604  
33246  
33598  
33670  
33675  
34033  
34303  
34485  
34617  
34845  
35041  
34949  
34354  
33770  
33294  
32932  
32486  
32222  
32126  
32078  
32082  
32082  
32006  
31957  
32142  
32443  
32434  
32306  
32172  
32250  
32203  
31953  
31723  
31731  
31921  
32062  
31883  
31621  
31625  
31733  
31573  
31193  
30905  
30917  
31002  
30973  
30845  
30737  
30949  
31297  
31365  
31263  
31145  
31148  
31261  
31137  
30893  
30861  
30913  
30837  
30441  
30095  
30109  
30351  
30465  
30385  
30277  
30409  
30677  
30841  
31025  
31265  
31571  
31607  
31397  
31181  
31307  
31642  
31995  
32022  
32022  
32336  
32830  
33290  
33313  
33227  
33290  
33354  
33296  
33190  
33357  
33894  
34327  
34506  
34445  
34325  
34397  
34523  
34663  
34685  
34689  
34787  
35041  
35105  
35173  
35491  
35715  
35689  
35397  
35161  
35253  
35651  
35841  
35803  
