0 
0 
0 
0 
0 
0 
0 
0 
0 
0 
0 
0 
0 
0 
0 
0 
0 
0 
0 
0 
0 
0 
0 
0 
0 
0 
0 
0 
0 
0 
0 
0 
0 
0 
0 
0 
0 
0 
0 
0 
0 
0 
0 
0 
0 
0 
0 
0 
0 
0 
0 
0 
0 
0 
0 
0 
0 
0 
0 
0 
0 
0 
0 
0 
0 
0 
0 
0 
0 
0 
0 
0 
0 
0 
0 
0 
0 
0 
0 
0 
0 
0 
0 
0 
0 
0 
0 
0 
0 
0 
0 
0 
0 
0 
0 
0 
0 
0 
0 
0 
0 
0 
0 
0 
0 
0 
0 
0 
0 
0 
0 
0 
0 
0 
0 
0 
0 
0 
0 
0 
0 
0 
0 
0 
0 
0 
0 
0 
0 
0 
0 
0 
0 
0 
0 
0 
0 
0 
0 
0 
0 
0 
0 
0 
0 
0 
0 
0 
0 
0 
0 
0 
0 
0 
0 
0 
0 
0 
0 
0 
0 
0 
0 
0 
0 
0 
0 
0 
0 
0 
0 
0 
0 
0 
0 
0 
0 
0 
0 
0 
0 
0 
0 
0 
0 
0 
0 
0 
0 
0 
0 
0 
0 
0 
0 
0 
0 
0 
0 
0 
0 
0 
0 
0 
0 
0 
0 
0 
0 
0 
0 
0 
0 
0 
0 
0 
0 
0 
0 
0 
0 
0 
0 
0 
0 
0 
0 
0 
0 
0 
0 
0 
0 
0 
0 
0 
0 
0 
0 
0 
0 
0 
0 
0 
0 
0 
0 
0 
0 
0 
0 
0 
0 
0 
0 
0 
0 
0 
0 
0 
0 
0 
0 
0 
0 
0 
0 
0 
0 
0 
0 
0 
0 
0 
0 
0 
0 
0 
0 
0 
0 
0 
0 
0 
0 
0 
0 
0 
0 
0 
0 
0 
0 
0 
0 
0 
0 
0 
0 
0 
0 
0 
0 
0 
0 
0 
0 
0 
0 
0 
0 
0 
0 
0 
0 
0 
0 
0 
0 
0 
0 
0 
0 
0 
0 
0 
0 
0 
0 
0 
0 
0 
0 
0 
0 
0 
0 
0 
0 
0 
0 
0 
0 
0 
0 
0 
0 
0 
0 
0 
0 
0 
0 
0 
0 
0 
0 
0 
0 
0 
0 
0 
0 
0 
0 
0 
0 
0 
0 
0 
0 
0 
0 
0 
0 
0 
0 
0 
0 
0 
0 
0 
0 
0 
0 
0 
0 
0 
0 
0 
0 
0 
0 
0 
0 
0 
0 
0 
0 
0 
0 
0 
0 
0 
0 
0 
0 
0 
0 
0 
0 
0 
0 
0 
0 
0 
0 
0 
0 
0 
15669 
15669 
15669 
15669 
15669 
15669 
15669 
15669 
15669 
15669 
15669 
15669 
6432 
9720 
8782 
-13085 
-33482 
-17098 
-714 
-49866 
-33482 
-45325 
-47576 
-47820 
-47858 
-47683 
-47708 
-47738 
-47690 
-47645 
-47693 
-47764 
-47826 
-47864 
-47809 
-47717 
-47851 
-47797 
-47779 
-47724 
-47714 
-47766 
-47858 
-47729 
-47683 
-47674 
-47732 
-47715 
-47603 
-47620 
-24190 
-8060 
8807 
-40503 
-32725 
-27484 
-20802 
-19748 
-31498 
-32049 
-32900 
-32731 
-24274 
-9900 
4398 
15669 
15669 
15669 
15669 
15669 
15669 
15669 
15669 
15669 
15669 
15669 
15669 
15669 
15669 
15669 
15669 
15669 
15669 
15669 
15669 
15669 
15669 
15669 
15669 
15669 
15669 
15669 
15669 
15669 
15669 
15669 
15669 
15669 
15669 
15669 
15669 
15669 
15669 
15669 
15669 
15669 
15669 
15669 
15669 
15669 
15669 
15669 
15669 
15669 
15669 
15669 
15669 
15669 
15669 
15669 
15669 
15669 
15669 
15669 
15669 
15669 
15669 
15669 
15669 
15669 
15669 
15669 
15669 
15669 
15669 
15669 
15669 
15669 
15669 
15669 
15669 
15669 
15669 
15669 
15669 
15669 
15669 
15669 
15669 
15669 
15669 
15669 
15669 
15669 
15669 
15669 
15669 
15669 
15669 
15669 
15669 
15669 
15669 
15669 
15669 
15669 
15669 
15669 
15669 
15669 
15669 
15669 
15669 
15669 
15669 
15669 
15669 
15669 
15669 
15669 
15669 
15669 
10154 
7171 
2981 
15669 
-17098 
-714 
-49866 
-33482 
-17098 
-40505 
-43685 
-45123 
-45904 
3726 
3726 
3726 
3726 
3726 
3726 
3726 
3726 
3726 
3726 
3726 
3726 
3726 
3726 
3726 
3726 
3726 
3726 
3726 
3726 
3726 
3726 
3726 
3726 
3726 
3726 
3726 
3726 
3726 
3726 
3726 
3726 
3726 
3726 
3726 
3726 
3726 
3726 
3726 
3726 
3726 
3726 
3726 
3726 
3726 
3726 
3726 
3726 
3726 
3726 
3726 
3726 
3726 
3726 
3726 
3726 
3726 
3726 
3726 
3726 
3726 
3726 
3726 
3726 
3726 
3726 
3726 
3726 
3726 
3726 
3726 
3726 
3726 
3726 
3726 
3726 
3726 
3726 
3726 
3726 
3726 
3726 
3726 
3726 
3726 
3726 
3726 
3726 
3726 
3726 
3726 
3726 
3726 
3726 
3726 
3726 
3726 
3726 
3726 
3726 
3726 
3726 
3726 
3726 
3726 
3726 
3726 
3726 
3726 
3726 
3726 
3726 
3726 
3726 
3726 
3726 
3726 
3726 
3726 
3726 
3726 
3726 
3726 
3726 
3726 
3726 
3726 
3726 
3726 
3726 
3726 
3726 
3726 
3726 
3726 
3726 
3726 
3726 
3726 
3726 
3726 
3726 
3726 
3726 
3726 
3726 
3726 
3726 
3726 
3726 
3726 
3726 
3726 
3726 
3726 
3726 
3726 
3726 
3726 
3726 
3726 
3726 
-2522 
-17928 
-22657 
-45425 
-29041 
-12657 
-61809 
-45425 
-53672 
-56643 
-57844 
-58482 
-60789 
-49336 
-39924 
-30191 
-20103 
-11681 
1853 
3726 
3726 
3726 
3726 
3726 
3726 
3726 
3726 
3726 
3726 
3726 
3726 
3726 
3726 
0 
0 
0 
0 
0 
0 
0 
0 
0 
0 
0 
0 
0 
0 
0 
0 
0 
0 
0 
0 
0 
0 
0 
0 
0 
0 
0 
0 
0 
0 
0 
0 
0 
0 
0 
0 
0 
0 
0 
0 
0 
0 
0 
0 
0 
0 
0 
0 
0 
0 
0 
0 
0 
0 
0 
0 
0 
0 
0 
0 
0 
0 
0 
0 
0 
0 
0 
0 
0 
0 
0 
0 
0 
0 
0 
0 
0 
0 
0 
0 
0 
0 
0 
0 
0 
0 
0 
0 
0 
0 
0 
0 
0 
0 
0 
0 
0 
0 
0 
0 
0 
0 
0 
0 
0 
0 
0 
0 
0 
0 
0 
0 
0 
0 
0 
0 
0 
0 
0 
0 
0 
0 
0 
0 
0 
0 
0 
0 
0 
0 
0 
0 
0 
0 
0 
0 
0 
0 
0 
0 
0 
0 
0 
0 
0 
0 
0 
0 
0 
0 
0 
0 
0 
0 
0 
0 
0 
0 
0 
0 
0 
0 
0 
0 
0 
0 
0 
0 
0 
0 
0 
0 
0 
0 
0 
0 
0 
0 
0 
0 
0 
0 
0 
0 
0 
0 
0 
0 
0 
0 
0 
0 
0 
0 
0 
8984 
8984 
4005 
8984 
8984 
8984 
8984 
8984 
8984 
8984 
8984 
8984 
8984 
8984 
8984 
8984 
8984 
8984 
8984 
8984 
8984 
8984 
8984 
8984 
8984 
8984 
8984 
8984 
8984 
8984 
8984 
8984 
8984 
-56551 
-40167 
-23783 
-46073 
-48939 
-49876 
-50072 
-49967 
-49257 
-48152 
-46366 
-42449 
-35583 
-19784 
2609 
-47878 
8984 
8984 
8984 
8984 
8984 
8984 
8984 
8984 
8984 
8984 
8984 
8984 
8984 
8984 
8984 
8984 
8984 
8984 
8984 
8984 
8984 
8984 
8984 
8984 
8984 
8984 
8984 
-23783 
-7399 
-56551 
-40167 
-23783 
-36850 
-44005 
-47712 
-49475 
-50710 
-51045 
-51177 
-51155 
-51057 
-51059 
-50480 
8984 
8984 
8984 
8984 
7215 
6736 
7170 
8803 
8874 
8984 
8984 
8984 
8984 
8984 
8984 
8984 
8984 
8984 
8984 
8984 
8984 
8984 
8984 
8984 
8984 
8984 
8984 
8984 
8984 
8984 
8984 
8984 
8984 
8984 
8984 
8984 
8984 
8984 
8984 
8984 
8984 
8984 
8984 
8984 
8984 
8984 
8984 
8984 
8984 
8984 
8984 
8984 
8984 
8984 
8984 
8984 
8984 
8984 
8984 
8984 
8984 
8984 
8984 
-14921 
2087 
-47465 
-31184 
-14830 
876 
8984 
8984 
8984 
8984 
8984 
8984 
8984 
8984 
8984 
8984 
8984 
8984 
8984 
8984 
8984 
8984 
8984 
8984 
8984 
8984 
8984 
8984 
8984 
8984 
8984 
8984 
8984 
8984 
8984 
8984 
8984 
8984 
8984 
8984 
0 
0 
0 
0 
0 
0 
0 
0 
0 
0 
0 
0 
0 
0 
0 
0 
0 
0 
0 
0 
0 
0 
0 
0 
0 
0 
0 
0 
0 
0 
0 
0 
0 
0 
0 
0 
0 
0 
0 
0 
0 
0 
0 
0 
0 
0 
0 
0 
0 
0 
0 
0 
0 
0 
0 
0 
0 
0 
0 
0 
0 
0 
0 
0 
0 
0 
0 
0 
0 
0 
0 
0 
0 
0 
0 
0 
