-196 
-335 
-410 
-429 
-429 
-821 
-784 
-725 
-692 
-694 
-636 
-693 
-623 
-538 
-527 
-117 
-150 
-177 
-318 
-269 
-292 
-241 
-178 
-49 
-116 
-279 
-476 
-557 
-662 
-714 
-789 
-699 
-728 
-634 
-617 
-557 
-558 
-546 
-521 
-506 
-500 
-334 
-303 
-235 
-187 
-216 
-1303 
-1215 
-1149 
-1126 
-1083 
-1025 
-938 
-987 
-874 
-964 
-1265 
-1312 
-1511 
-1506 
-1510 
-1511 
-1477 
-753 
-727 
-663 
-737 
-689 
-628 
-638 
-538 
-592 
-593 
-588 
-604 
-527 
-491 
-498 
-405 
336 
243 
370 
327 
338 
313 
350 
292 
412 
378 
290 
61 
55 
76 
-14 
58 
614 
606 
499 
550 
526 
414 
227 
171 
85 
-8 
29 
-19 
-19 
145 
239 
295 
361 
875 
954 
954 
905 
931 
923 
922 
953 
983 
979 
1063 
1060 
1134 
1098 
1100 
560 
577 
615 
627 
618 
760 
701 
748 
722 
792 
778 
823 
799 
812 
811 
330 
297 
271 
223 
276 
302 
284 
310 
294 
334 
349 
340 
349 
375 
420 
40 
118 
216 
250 
219 
218 
263 
382 
349 
457 
486 
446 
463 
527 
471 
321 
360 
388 
299 
434 
444 
484 
443 
512 
548 
610 
539 
493 
322 
89 
-48 
-100 
-172 
129 
108 
166 
192 
244 
1158 
1161 
1228 
1226 
1324 
1178 
1100 
905 
819 
637 
637 
570 
508 
1435 
1311 
1146 
1103 
934 
889 
837 
874 
795 
871 
819 
778 
880 
917 
516 
319 
254 
165 
146 
133 
42 
16 
105 
74 
133 
150 
200 
69 
44 
124 
120 
123 
-174 
-163 
-221 
-242 
-284 
-211 
-266 
-125 
-214 
-219 
-172 
-141 
-160 
-111 
-119 
-48 
-739 
-731 
-681 
-671 
-602 
-613 
-557 
-562 
-502 
-419 
-434 
-431 
-396 
-411 
-368 
-1812 
-1738 
-1641 
-1568 
-1522 
-1468 
-1358 
-1336 
-1257 
-1182 
-1099 
-975 
-913 
-795 
-666 
-686 
-475 
-474 
-1095 
-1006 
-956 
-950 
-897 
-837 
-773 
-706 
-641 
-612 
-552 
-555 
-454 
-478 
-812 
-770 
-694 
-591 
-483 
-404 
-377 
-278 
-313 
-241 
-191 
-117 
-59 
-54 
-64 
-650 
-527 
-565 
-511 
-526 
-498 
-469 
-364 
-326 
-436 
-319 
-399 
-343 
-492 
-187 
-150 
-114 
-63 
-39 
-18 
86 
155 
215 
228 
273 
296 
21 
-30 
-194 
-305 
-267 
882 
870 
861 
725 
536 
431 
426 
446 
481 
491 
478 
523 
540 
614 
634 
355 
348 
360 
346 
397 
407 
428 
386 
348 
399 
342 
435 
409 
370 
150 
212 
348 
429 
503 
591 
609 
664 
750 
786 
807 
867 
1131 
1197 
1185 
1227 
1284 
1326 
1318 
1411 
1382 
1440 
1473 
1572 
1460 
1511 
1553 
1621 
1656 
1756 
1811 
1888 
1913 
1999 
1928 
1861 
1738 
1674 
1584 
1526 
1490 
1498 
1542 
126 
153 
154 
169 
-208 
-309 
-337 
-358 
-329 
-298 
-279 
-345 
-318 
-371 
-384 
-347 
-417 
-434 
-318 
-428 
-344 
-677 
-693 
-661 
-696 
-748 
-728 
-723 
-722 
-747 
-704 
-644 
-663 
-644 
-580 
-575 
-528 
-423 
-701 
-567 
-587 
-625 
-508 
-438 
-396 
-420 
-393 
-330 
-333 
-244 
-235 
-183 
-153 
-150 
-696 
-685 
-611 
-576 
-463 
-404 
-312 
-352 
-294 
-169 
-183 
-146 
-56 
72 
-150 
-291 
-1093 
-1035 
-1081 
-1021 
-885 
-996 
-1216 
-1430 
-1615 
-1696 
-1754 
-1806 
-1787 
-1753 
-1848 
-1054 
-1200 
-1213 
-1219 
-1205 
-1156 
-1157 
-1160 
-973 
-878 
-895 
-972 
-1013 
-1147 
-1119 
-1043 
-680 
-646 
-627 
-700 
-682 
-668 
-623 
-583 
-524 
-426 
-337 
-252 
-262 
-207 
-71 
-7 
64 
128 
126 
238 
226 
234 
313 
345 
394 
317 
349 
399 
409 
489 
419 
325 
395 
363 
329 
149 
15 
-28 
-147 
-92 
-30 
-72 
-10 
11 
95 
67 
151 
233 
-659 
340 
125 
-110 
-336 
-439 
-576 
-588 
-756 
-710 
-748 
-748 
-820 
-792 
-751 
-632 
-652 
-565 
-964 
-1052 
-1114 
-1079 
-1079 
-1086 
-1016 
-934 
-954 
-1004 
-970 
-964 
-1038 
-941 
-1040 
-942 
-917 
-475 
-506 
-499 
-503 
-504 
-469 
-418 
-413 
-393 
-340 
-298 
-352 
-81 
-125 
-90 
-27 
785 
710 
699 
637 
667 
563 
600 
549 
667 
645 
606 
606 
652 
625 
743 
624 
284 
261 
207 
234 
180 
274 
311 
354 
443 
528 
510 
616 
660 
680 
755 
820 
614 
657 
666 
734 
794 
706 
553 
364 
217 
7 
-20 
-58 
-15 
18 
-42 
-43 
-418 
-473 
-378 
-365 
-412 
-284 
-313 
-219 
-261 
-201 
-257 
-255 
-196 
-150 
-47 
-84 
-84 
50 
10 
69 
101 
189 
173 
202 
264 
281 
323 
412 
458 
464 
445 
366 
205 
887 
658 
544 
336 
229 
275 
269 
246 
261 
217 
221 
292 
264 
255 
325 
326 
271 
201 
227 
278 
295 
338 
284 
279 
338 
266 
361 
320 
369 
406 
370 
376 
436 
530 
500 
575 
-206 
-297 
-233 
-203 
-179 
